0   0
MDL16CS001 8.52174 8.19565 8.35523
MDL16CS002 8.08696 8.73913 8.41998
MDL16CS003 5.21739 6.30435 5.77243
MDL16CS005 4.91304 5 4.95745
MDL16CS006 8.17391 8.26087 8.21832
MDL16CS007 8.82609 9.23913 9.037
MDL16CS009 8.19565 8.36957 8.28446
MDL16CS010 8.13043 7.76087 7.94172
MDL16CS011 7.28261 6.32609 6.79417
MDL16CS012 8.56522 8.54348 8.55412
MDL16CS013 8.58696 8.86957 8.73127
MDL16CS014 3.43478 1.91304 2.65772
MDL16CS015 8.43478 8.71739 8.57909
MDL16CS016 8.8913 7.63043 8.24745
MDL16CS017 6.8913 8.52174 7.72387
MDL16CS018 7.78261 6.76087 7.26087
MDL16CS019 7.30435 7.8913 7.60407
MDL16CS020 8.86957 8.3913 8.62535
MDL16CS021 9.04348 8.80435 8.92137
MDL16CS023 9.58696 9.32609 9.45375
MDL16CS024 6.58696 5.47826 6.02082
MDL16CS025 7.43478 8.45652 7.95652
MDL16CS026 7.86957 7.86957 7.86957
MDL16CS027 7.6087 8.80435 8.21924
MDL16CS028 9.45652 8.54348 8.99029
MDL16CS029 9.17391 8.32609 8.74098
MDL16CS030 7.8913 7.86957 7.8802
MDL16CS031 5.95652 7.86957 6.9334
MDL16CS032 8.36957 9.04348 8.71369
MDL16CS034 8.73913 9.36957 9.06106
MDL16CS035 7.95652 8.13043 8.04533
MDL16CS036 8.5 8.34783 8.4223
MDL16CS037 8.80435 9.26087 9.03747
MDL16CS038 8.65217 8.5 8.57447
MDL16CS039 8.21739 8.71739 8.47271
MDL16CS040 8.26087 8.06522 8.16096
MDL16CS042 9 9.08696 9.04441
MDL16CS043 8.84783 8.84783 8.84783
MDL16CS044 9.30435 9.34783 9.32655
MDL16CS046 8.73913 8.97826 8.86124
MDL16CS047 8.78261 8.69565 8.7382
MDL16CS048 8.34783 8.54348 8.44774
MDL16CS049 3.69565 3 3.34042
MDL16CS050 9.32609 9.56522 9.4482
MDL16CS052 8.56522 8.91304 8.74283
MDL16CS053 7.54348 6.45652 6.98844
MDL16CS054 7.6087 8.1087 7.86402
MDL16CS055 8.95652 9.26087 9.11193
MDL16CS056 9.65217 9.08696 9.36355
MDL16CS057 7.69565 6.82609 7.25162
MDL16CS058 8 9.08696 8.55504
MDL16CS059 8.82609 9.63043 9.23682
MDL16CS060 8.13043 7.97826 8.05273
MDL16CS061 4.76087 7.30435 6.05967
MDL16CS062 8.63043 9.06522 8.85245
MDL16CS063 8.15217 8.5 8.32979
MDL16CS064 8.04348 8.28261 8.16559
MDL16CS065 8.5 8.6087 8.55551
MDL16CS066 8.04348 8.69565 8.3765
MDL16CS067 7.97826 8.1087 8.04487
MDL16CS068 7.84783 6.95652 7.39269
MDL16CS069 8.6087 8.84783 8.73081
MDL16CS070 7.84783 8.97826 8.42507
MDL16CS071 9.17391 9.43478 9.30712
MDL16CS072 8.34783 8.65217 8.50324
MDL16CS073 9.06522 9.3913 9.23173
MDL16CS074 9.08696 9.08696 9.08696
MDL16CS075 7.56522 6.86957 7.20999
MDL16CS076 5.84783 8.58696 7.24653
MDL16CS077 7.86957 8.52174 8.20259
MDL16CS078 8.78261 9.54348 9.17114
MDL16CS079 8.93478 9.47826 9.2123
MDL16CS081 8.30435 9.06522 8.69288
MDL16CS082 8.02174 8.47826 8.25486
MDL16CS083 7.54348 8.95652 8.26503
MDL16CS084 8.30435 7.69565 7.99352
MDL16CS085 5.58696 5.86957 5.73127
MDL16CS086 8.5 9.13043 8.82192
MDL16CS087 9.17391 9.47826 9.32932
MDL16CS088 8.65217 9.47826 9.074
MDL16CS089 8.93478 8.80435 8.86818
MDL16CS090 6.76087 8.21739 7.50462
MDL16CS091 8.54348 9.04348 8.7988
MDL16CS092 8.43478 9.02174 8.7345
MDL16CS093 9.04348 9.54348 9.2988
MDL16CS094 8.30435 6.93478 7.605
MDL16CS095 8.67391 9.5 9.09574
MDL16CS096 8.76087 8.84783 8.80528
MDL16CS097 8.84783 7.26087 8.03747
MDL16CS098 3.6087 3.8913 3.75301
MDL16CS099 8.6087 9.34783 8.98613
MDL16CS100 8.86957 8.80435 8.83627
MDL16CS101 8.36957 8.67391 8.52498
MDL16CS102 8.06522 7.93478 7.99861
MDL16CS103 8.54348 8.47826 8.51018
MDL16CS104 7.6087 5.93478 6.75393
MDL16CS105 8.67391 8.3913 8.5296
MDL16CS106 8.45652 8.91304 8.68964
MDL16CS107 8.56522 8.76087 8.66513
MDL16CS108 9.02174 8.69565 8.85523
MDL16CS109 9.36957 9.63043 9.50278
MDL16CS110 9.52174 9.6087 9.56615
MDL16CS111 8.56522 8.71739 8.64292
MDL16CS112 8.56522 8.58696 8.57632
MDL16CS113 7.17391 8.1087 7.65125
MDL16CS114 8.32609 7.08696 7.69334
MDL16CS115 8.28261 8.32609 8.30481
MDL16CS116 7.6087 7.26087 7.43108
MDL16CS117 8.76087 8.58696 8.67206
MDL16CS118 8.52174 7.28261 7.88899
MDL16CS119 8.69565 8.3913 8.54024
MDL16CS120 8.04348 5.91304 6.9556
MDL16CS121 4.06522 2.41304 3.22155
MDL16CS122 8.47826 8.47826 8.47826
MDL16CS123 8.58696 9.34783 8.97549
